2.000  1976091.0  3974537.2  4564998.2  1.671  4.251  4.931
3.000  1976106.2  3974538.9  4565022.1  3.707  6.415  7.780
4.000  1976141.1  3974530.0  4565022.4  4.244  9.116  10.318
5.000  1976148.1  3974530.9  4565030.2  6.209  11.678  13.072
6.000  1976060.7  3974622.9  4565015.4  6.970  13.928  16.196
7.000  1976117.6  3974596.9  4565109.3  8.188  16.455  18.861
8.000  1976110.0  3974639.2  4565129.4  10.102  18.708  21.844
9.000  1976109.7  3974633.1  4565147.3  11.134  21.199  24.728
10.000  1976212.0  3974641.0  4565150.8  12.065  23.748  27.484
11.000  1976136.6  3974689.7  4565152.9  13.201  26.684  31.041
12.000  1976139.5  3974698.5  4565210.6  13.545  28.759  34.097
13.000  1976180.9  3974735.2  4565265.2  15.103  31.685  36.885
14.000  1976201.7  3974727.1  4565258.6  16.145  34.036  40.361
15.000  1976211.0  3974804.4  4565275.6  16.682  37.900  43.035
16.000  1976235.7  3974855.3  4565393.1  17.704  39.761  46.830
17.000  1976253.6  3974904.1  4565466.0  18.785  43.301  50.810
18.000  1976285.7  3974947.3  4565469.1  19.420  46.296  54.212
19.000  1976278.4  3974989.3  4565499.5  19.320  49.629  58.423
20.000  1976335.4  3975016.9  4565558.3  20.954  52.685  61.961
21.000  1976390.7  3975102.0  4565667.6  21.250  55.052  65.847
22.000  1976363.8  3975113.3  4565745.3  22.037  58.548  70.751
23.000  1976390.0  3975209.3  4565753.2  22.555  62.346  74.467
24.000  1976350.6  3975251.4  4565883.0  22.035  65.654  79.098
25.000  1976423.0  3975400.3  4565928.5  22.493  69.161  83.421
26.000  1976459.4  3975441.8  4566119.1  22.257  73.124  87.716
27.000  1976440.1  3975523.8  4566148.4  22.418  76.441  92.615
28.000  1976473.6  3975592.0  4566250.5  21.823  80.558  98.152
29.000  1976515.4  3975651.9  4566338.7  21.203  83.581  102.718
30.000  1976500.3  3975765.2  4566393.5  20.576  88.191  108.269
